{
 "cells": [
  {
   "cell_type": "code",
   "execution_count": 1,
   "source": [
    "from ovito import scene\n",
    "from ovito.io import *\n",
    "from ovito.vis import *\n",
    "from ovito.data import *\n",
    "from ovito.modifiers import *\n",
    "from PySide2.QtGui import QPainter\n",
    "import matplotlib.pyplot as plt\n",
    "import numpy as np\n",
    "import scipy\n",
    "from sklearn import metrics\n",
    "import sklearn\n",
    "import seaborn as sns\n",
    "import pandas as pd\n",
    "import utils\n",
    "from PIL import Image\n",
    "import imageio\n",
    "import freud\n",
    "import cv2\n",
    "import os\n",
    "os.environ['CUDA_VISIBLE_DEVICES'] = '-1'\n",
    "import tensorflow as tf\n",
    "import models\n",
    "from tensorflow_graphics.nn import loss\n",
    "from tensorflow_graphics.geometry import transformation\n",
    "import colorsys"
   ],
   "outputs": [],
   "metadata": {}
  },
  {
   "cell_type": "code",
   "execution_count": 2,
   "source": [
    "palette = sns.color_palette()\n",
    "palette.insert(0, palette.pop(7))"
   ],
   "outputs": [],
   "metadata": {}
  },
  {
   "cell_type": "code",
   "execution_count": 3,
   "source": [
    "def _preprocess(frame, data):\n",
    "    if 'Comment' in data.attributes:\n",
    "        L = float(data.attributes['Comment'])\n",
    "        data.cell_.matrix = np.insert(np.eye(3) * L, 3, 0, axis=-1)\n",
    "    data.cell_.pbc = (True, True, True)\n",
    "    data.particles.vis.radius = 1.0"
   ],
   "outputs": [],
   "metadata": {}
  },
  {
   "cell_type": "code",
   "execution_count": 10,
   "source": [
    "def baseline_compare(prefix, filename, labels):\n",
    "    modifier_dict = {'AJA': AcklandJonesModifier(),\n",
    "                     'CNA': CommonNeighborAnalysisModifier(),\n",
    "                     'PTM': PolyhedralTemplateMatchingModifier()}\n",
    "\n",
    "    \n",
    "\n",
    "    def structure_id(modifier):\n",
    "        pipeline = import_file(filename, columns=['Position.X', 'Position.Y', 'Position.Z'])\n",
    "        pipeline.modifiers.append(_preprocess)\n",
    "        pipeline.modifiers.append(modifier_dict[modifier])\n",
    "        data = pipeline.compute()\n",
    "        stru_type = data.particle_properties.structure_types[:]\n",
    "        for i in range(len(np.bincount(stru_type))):\n",
    "            modifier_dict[modifier].structures[i].color = palette[i]\n",
    "\n",
    "        pipeline.add_to_scene()\n",
    "        vp = Viewport(type = Viewport.Type.Ortho, camera_dir = (-1, -1, -1))\n",
    "        vp.zoom_all(size=(1000,1000))\n",
    "        vp.render_image(filename=prefix + modifier + '.png', size=(1000,1000), renderer=TachyonRenderer())\n",
    "        pipeline.remove_from_scene()\n",
    "        \n",
    "        # plt.figure(figsize=(10, 10))\n",
    "        # image = plt.imread(prefix + modifier + '.png')\n",
    "        # plt.imshow(image)\n",
    "        # plt.axis('off')\n",
    "\n",
    "        # num = len(labels)\n",
    "        # pd = 4/3*np.pi*num / data.cell.volume\n",
    "        # ide = modifier_dict[modifier].object_title\n",
    "        ars = metrics.adjusted_rand_score(stru_type, labels)\n",
    "        \n",
    "        # plt.title(\n",
    "        # '''Particle Number: {}\n",
    "        # Packing Density: {}\n",
    "        # Identification : {}\n",
    "        # Cluster Metrics: {}'''.format(num,pd,ide,ars),\n",
    "        # fontdict={'fontsize':16})\n",
    "\n",
    "        # plt.tight_layout()\n",
    "        # plt.savefig(prefix + modifier + '.png')\n",
    "        # plt.close()\n",
    "        \n",
    "\n",
    "        return ars\n",
    "\n",
    "    cluster_metrics = {}\n",
    "    for modifier in modifier_dict.keys():\n",
    "        cm = structure_id(modifier)\n",
    "        cluster_metrics[modifier] = cm\n",
    "    return cluster_metrics"
   ],
   "outputs": [],
   "metadata": {}
  },
  {
   "cell_type": "code",
   "execution_count": 11,
   "source": [
    "baseline_compare('/mnt/Edisk/kiwi/OPSI/test/', '/mnt/Edisk/kiwi/OPSI/data/sphere_packing.xyz', [1]*1728)"
   ],
   "outputs": [
    {
     "output_type": "execute_result",
     "data": {
      "text/plain": [
       "{'AJA': 0.0, 'CNA': 0.0, 'PTM': 0.0}"
      ]
     },
     "metadata": {},
     "execution_count": 11
    }
   ],
   "metadata": {}
  },
  {
   "cell_type": "code",
   "execution_count": 29,
   "source": [
    "box, points = utils.read_xyz('/mnt/Edisk/kiwi/OPSI/data/sphere_packing.xyz')\n",
    "centers, neighbors = utils.get_neighbors(box, points, 12)"
   ],
   "outputs": [],
   "metadata": {}
  },
  {
   "cell_type": "code",
   "execution_count": 26,
   "source": [
    "def draw_xyz(savepath, filename, labels, probabilities):\n",
    "    pipeline = import_file(filename, columns=['Particle Type', 'Position.X', 'Position.Y', 'Position.Z'])\n",
    "    pipeline.modifiers.append(_preprocess)\n",
    "    data = pipeline.compute()\n",
    "    part_type = data.particles.particle_types[:]\n",
    "    data.particles_.create_property('Color')\n",
    "    for i in range(len(labels)):\n",
    "        data.particles_.colors[i] = sns.desaturate(palette[labels[i]], probabilities[i])\n",
    "\n",
    "    pipeline.add_to_scene()\n",
    "    vp = Viewport(type = Viewport.Type.Ortho, camera_dir = (-1, -1, -1))\n",
    "    vp.zoom_all(size=(1000,1000))\n",
    "    vp.render_image(filename=savepath, size=(1000,1000), renderer=TachyonRenderer())\n",
    "    pipeline.remove_from_scene()\n",
    "    "
   ],
   "outputs": [],
   "metadata": {}
  },
  {
   "cell_type": "code",
   "execution_count": 26,
   "source": [
    "metric = {'1':2, '4':4, '3':5}\n",
    "df = pd.DataFrame(metric, index=[1])"
   ],
   "outputs": [],
   "metadata": {}
  },
  {
   "cell_type": "code",
   "execution_count": 27,
   "source": [
    "df"
   ],
   "outputs": [
    {
     "output_type": "execute_result",
     "data": {
      "text/plain": [
       "   1  4  3\n",
       "1  2  4  5"
      ],
      "text/html": [
       "<div>\n",
       "<style scoped>\n",
       "    .dataframe tbody tr th:only-of-type {\n",
       "        vertical-align: middle;\n",
       "    }\n",
       "\n",
       "    .dataframe tbody tr th {\n",
       "        vertical-align: top;\n",
       "    }\n",
       "\n",
       "    .dataframe thead th {\n",
       "        text-align: right;\n",
       "    }\n",
       "</style>\n",
       "<table border=\"1\" class=\"dataframe\">\n",
       "  <thead>\n",
       "    <tr style=\"text-align: right;\">\n",
       "      <th></th>\n",
       "      <th>1</th>\n",
       "      <th>4</th>\n",
       "      <th>3</th>\n",
       "    </tr>\n",
       "  </thead>\n",
       "  <tbody>\n",
       "    <tr>\n",
       "      <th>1</th>\n",
       "      <td>2</td>\n",
       "      <td>4</td>\n",
       "      <td>5</td>\n",
       "    </tr>\n",
       "  </tbody>\n",
       "</table>\n",
       "</div>"
      ]
     },
     "metadata": {},
     "execution_count": 27
    }
   ],
   "metadata": {}
  },
  {
   "cell_type": "code",
   "execution_count": 22,
   "source": [
    "add = {'3':5}\n",
    "df.append(add, ignore_index=True)"
   ],
   "outputs": [
    {
     "output_type": "execute_result",
     "data": {
      "text/plain": [
       "     1    2    3\n",
       "0  2.0  4.0  NaN\n",
       "1  NaN  NaN  5.0"
      ],
      "text/html": [
       "<div>\n",
       "<style scoped>\n",
       "    .dataframe tbody tr th:only-of-type {\n",
       "        vertical-align: middle;\n",
       "    }\n",
       "\n",
       "    .dataframe tbody tr th {\n",
       "        vertical-align: top;\n",
       "    }\n",
       "\n",
       "    .dataframe thead th {\n",
       "        text-align: right;\n",
       "    }\n",
       "</style>\n",
       "<table border=\"1\" class=\"dataframe\">\n",
       "  <thead>\n",
       "    <tr style=\"text-align: right;\">\n",
       "      <th></th>\n",
       "      <th>1</th>\n",
       "      <th>2</th>\n",
       "      <th>3</th>\n",
       "    </tr>\n",
       "  </thead>\n",
       "  <tbody>\n",
       "    <tr>\n",
       "      <th>0</th>\n",
       "      <td>2.0</td>\n",
       "      <td>4.0</td>\n",
       "      <td>NaN</td>\n",
       "    </tr>\n",
       "    <tr>\n",
       "      <th>1</th>\n",
       "      <td>NaN</td>\n",
       "      <td>NaN</td>\n",
       "      <td>5.0</td>\n",
       "    </tr>\n",
       "  </tbody>\n",
       "</table>\n",
       "</div>"
      ]
     },
     "metadata": {},
     "execution_count": 22
    }
   ],
   "metadata": {}
  },
  {
   "cell_type": "code",
   "execution_count": 66,
   "source": [
    "prefix = 'model/' + '210416214933_AutoEncoderV2_2_12' + '/baseline/'\n",
    "images = [plt.imread(prefix + modifier + '.png') for modifier in ['AJA', 'CNA', 'PTM']]\n",
    "frame1 = np.concatenate(np.array(images, dtype=np.uint8), axis=-2)\n",
    "images = [plt.imread('model/' + '210416214933_AutoEncoderV2_2_12' + '/packing.png')] * 3\n",
    "frame2 = np.concatenate(np.array(images, dtype=np.uint8), axis=-2)"
   ],
   "outputs": [],
   "metadata": {}
  },
  {
   "cell_type": "code",
   "execution_count": 68,
   "source": [
    "frame1[0]"
   ],
   "outputs": [
    {
     "output_type": "execute_result",
     "data": {
      "text/plain": [
       "array([[1, 1, 1, 1],\n",
       "       [1, 1, 1, 1],\n",
       "       [1, 1, 1, 1],\n",
       "       ...,\n",
       "       [1, 1, 1, 1],\n",
       "       [1, 1, 1, 1],\n",
       "       [1, 1, 1, 1]], dtype=uint8)"
      ]
     },
     "metadata": {},
     "execution_count": 68
    }
   ],
   "metadata": {}
  },
  {
   "cell_type": "code",
   "execution_count": 64,
   "source": [
    "help(imageio.mimsave)"
   ],
   "outputs": [
    {
     "output_type": "stream",
     "name": "stdout",
     "text": [
      "Help on function mimwrite in module imageio.core.functions:\n",
      "\n",
      "mimwrite(uri, ims, format=None, **kwargs)\n",
      "    mimwrite(uri, ims, format=None, **kwargs)\n",
      "    \n",
      "    Write multiple images to the specified file.\n",
      "    \n",
      "    Parameters\n",
      "    ----------\n",
      "    uri : {str, pathlib.Path, file}\n",
      "        The resource to write the images to, e.g. a filename, pathlib.Path\n",
      "        or file object, see the docs for more info.\n",
      "    ims : sequence of numpy arrays\n",
      "        The image data. Each array must be NxM, NxMx3 or NxMx4.\n",
      "    format : str\n",
      "        The format to use to read the file. By default imageio selects\n",
      "        the appropriate for you based on the filename and its contents.\n",
      "    kwargs : ...\n",
      "        Further keyword arguments are passed to the writer. See :func:`.help`\n",
      "        to see what arguments are available for a particular format.\n",
      "\n"
     ]
    }
   ],
   "metadata": {}
  },
  {
   "cell_type": "code",
   "execution_count": 10,
   "source": [
    "np.insert(points, 2, 0, 1)"
   ],
   "outputs": [
    {
     "output_type": "execute_result",
     "data": {
      "text/plain": [
       "array([[25.57412035, 13.84623588,  0.        ],\n",
       "       [33.26012852, 33.9303698 ,  0.        ],\n",
       "       [31.7500146 , 22.94128489,  0.        ],\n",
       "       ...,\n",
       "       [20.97901659, 25.73192557,  0.        ],\n",
       "       [ 3.89853495, 23.92404991,  0.        ],\n",
       "       [16.88289562,  1.08842304,  0.        ]])"
      ]
     },
     "metadata": {},
     "execution_count": 10
    }
   ],
   "metadata": {}
  },
  {
   "cell_type": "code",
   "execution_count": 6,
   "source": [
    "box, points = utils.read_xyz('data/circle_packing/circle_packing_0.869740.xyz')\n",
    "points_0 = np.insert(points, 2, 0, 1)\n",
    "# Compute the hexatic (6-fold) order for the 2D system\n",
    "hex_order = freud.order.Hexatic(k=6)\n",
    "hex_order.compute(system=(box, points_0))\n",
    "probabilities = [prob if prob > 0.9 else 0 for prob in np.abs(hex_order.particle_order)]"
   ],
   "outputs": [],
   "metadata": {}
  },
  {
   "cell_type": "code",
   "execution_count": 13,
   "source": [
    "pipeline = import_file('/mnt/Edisk/kiwi/OPSI/model/210425214847_AutoEncoderV2_2_6/packing/circle_packing_0.835729.xyz', columns=['Position.X', 'Position.Y', 'Particle Type'])\n",
    "pipeline.modifiers.append(utils.circle_preprocess)\n",
    "pipeline.modifiers.append(_hexatic_order)"
   ],
   "outputs": [],
   "metadata": {}
  },
  {
   "cell_type": "code",
   "execution_count": 12,
   "source": [
    "def _hexatic_order(frame, data):\n",
    "    box = freud.Box.from_matrix(data.cell.matrix[:3,:3])\n",
    "    points = data.particles.position[:]\n",
    "    hex_order = freud.order.Hexatic(k=6)\n",
    "    hex_order.compute(system=(box, points))\n",
    "    label = [1 if prob > 0.9 else 0 for prob in np.abs(hex_order.particle_order)]\n",
    "    data.particles_.particle_types_[:] = label"
   ],
   "outputs": [],
   "metadata": {}
  },
  {
   "cell_type": "code",
   "execution_count": 135,
   "source": [
    "data = pipeline.compute()\n",
    "data.particles.particle_type[:]"
   ],
   "outputs": [
    {
     "output_type": "execute_result",
     "data": {
      "text/plain": [
       "PropertyView([0, 1, 1, 1, 1, 0, 1, 0, 0, 0, 1, 0, 0, 1, 0, 1, 0, 1, 0, 0,\n",
       "              0, 0, 0, 0, 1, 0, 0, 0, 1, 0, 0, 1, 0, 0, 0, 1, 1, 0, 0, 1,\n",
       "              0, 1, 1, 0, 1, 0, 1, 0, 0, 0, 1, 0, 1, 0, 1, 0, 0, 0, 1, 0,\n",
       "              0, 0, 1, 0, 1, 0, 0, 0, 1, 0, 1, 1, 0, 1, 0, 1, 1, 0, 1, 0,\n",
       "              0, 1, 0, 0, 1, 0, 0, 1, 0, 1, 0, 1, 0, 0, 1, 0, 0, 0, 0, 0,\n",
       "              1, 1, 0, 0, 0, 1, 1, 0, 0, 1, 1, 1, 1, 1, 0, 1, 0, 0, 0, 0,\n",
       "              1, 0, 0, 0, 0, 1, 1, 1, 1, 0, 0, 1, 0, 0, 0, 1, 0, 0, 0, 0,\n",
       "              0, 1, 0, 0, 1, 0, 0, 1, 0, 0, 0, 1, 1, 0, 1, 0, 0, 1, 1, 0,\n",
       "              0, 0, 1, 1, 0, 0, 0, 0, 1, 0, 1, 0, 0, 0, 1, 0, 1, 0, 0, 0,\n",
       "              0, 0, 1, 1, 1, 0, 1, 0, 0, 1, 0, 0, 1, 0, 0, 0, 0, 0, 0, 1,\n",
       "              0, 1, 0, 0, 1, 0, 1, 1, 1, 1, 0, 1, 0, 1, 1, 1, 0, 0, 1, 1,\n",
       "              0, 0, 1, 0, 1, 0, 0, 0, 0, 1, 0, 1, 1, 1, 1, 0, 0, 1, 0, 0,\n",
       "              0, 1, 0, 0, 1, 0, 1, 1, 1, 0, 1, 1, 1, 0, 1, 1, 0, 1, 1, 1,\n",
       "              0, 1, 1, 0, 1, 0, 0, 1, 0, 0, 0, 0, 0, 0, 0, 1, 1, 1, 0, 0,\n",
       "              0, 1, 0, 1, 1, 1, 1, 0, 0, 1, 1, 1, 1, 0, 1, 0, 0, 1, 0, 1,\n",
       "              1, 1, 0, 0, 1, 1, 0, 1, 1, 0, 0, 1, 0, 0, 1, 0, 1, 0, 0, 1,\n",
       "              1, 0, 1, 0, 0, 1, 1, 0, 0, 1, 0, 1, 0, 1, 0, 1, 0, 1, 0, 0,\n",
       "              0, 1, 0, 0, 1, 0, 0, 1, 0, 0, 0, 1, 0, 1, 1, 0, 1, 1, 1, 1,\n",
       "              0, 0, 0, 0, 0, 0, 1, 0, 1, 0, 1, 1, 0, 1, 1, 1, 0, 0, 1, 1,\n",
       "              0, 1, 1, 0, 0, 1, 1, 0, 0, 1, 0, 0, 1, 0, 0, 1, 0, 0, 1, 0],\n",
       "             dtype=int32)"
      ]
     },
     "metadata": {},
     "execution_count": 135
    }
   ],
   "metadata": {}
  },
  {
   "cell_type": "code",
   "execution_count": 91,
   "source": [
    "pipeline.add_to_scene()\n",
    "vp = Viewport(type = Viewport.Type.Ortho, camera_dir = (0, 0, -1))\n",
    "vp.zoom_all(size=(1000,1000))\n",
    "qimage = vp.render_image(size=(1000,1000), renderer=TachyonRenderer())\n",
    "pipeline.remove_from_scene()"
   ],
   "outputs": [],
   "metadata": {}
  },
  {
   "cell_type": "code",
   "execution_count": 16,
   "source": [
    "Image.fromqimage(qimage)"
   ],
   "outputs": [
    {
     "output_type": "execute_result",
     "data": {
      "text/plain": [
       "<PIL.PngImagePlugin.PngImageFile image mode=RGBA size=1000x1000 at 0x7F21C631ED00>"
      ],
      "image/png": ""
     },
     "metadata": {},
     "execution_count": 16
    }
   ],
   "metadata": {}
  },
  {
   "cell_type": "code",
   "execution_count": 175,
   "source": [
    "palette = sns.color_palette()\n",
    "palette.insert(0, [1,1,1])"
   ],
   "outputs": [],
   "metadata": {}
  },
  {
   "cell_type": "code",
   "execution_count": 176,
   "source": [
    "palette"
   ],
   "outputs": [
    {
     "output_type": "execute_result",
     "data": {
      "text/plain": [
       "[[1, 1, 1],\n",
       " (0.12156862745098039, 0.4666666666666667, 0.7058823529411765),\n",
       " (1.0, 0.4980392156862745, 0.054901960784313725),\n",
       " (0.17254901960784313, 0.6274509803921569, 0.17254901960784313),\n",
       " (0.8392156862745098, 0.15294117647058825, 0.1568627450980392),\n",
       " (0.5803921568627451, 0.403921568627451, 0.7411764705882353),\n",
       " (0.5490196078431373, 0.33725490196078434, 0.29411764705882354),\n",
       " (0.8901960784313725, 0.4666666666666667, 0.7607843137254902),\n",
       " (0.4980392156862745, 0.4980392156862745, 0.4980392156862745),\n",
       " (0.7372549019607844, 0.7411764705882353, 0.13333333333333333),\n",
       " (0.09019607843137255, 0.7450980392156863, 0.8117647058823529)]"
      ],
      "text/html": [
       "<svg  width=\"605\" height=\"55\"><rect x=\"0\" y=\"0\" width=\"55\" height=\"55\" style=\"fill:#ffffff;stroke-width:2;stroke:rgb(255,255,255)\"/><rect x=\"55\" y=\"0\" width=\"55\" height=\"55\" style=\"fill:#1f77b4;stroke-width:2;stroke:rgb(255,255,255)\"/><rect x=\"110\" y=\"0\" width=\"55\" height=\"55\" style=\"fill:#ff7f0e;stroke-width:2;stroke:rgb(255,255,255)\"/><rect x=\"165\" y=\"0\" width=\"55\" height=\"55\" style=\"fill:#2ca02c;stroke-width:2;stroke:rgb(255,255,255)\"/><rect x=\"220\" y=\"0\" width=\"55\" height=\"55\" style=\"fill:#d62728;stroke-width:2;stroke:rgb(255,255,255)\"/><rect x=\"275\" y=\"0\" width=\"55\" height=\"55\" style=\"fill:#9467bd;stroke-width:2;stroke:rgb(255,255,255)\"/><rect x=\"330\" y=\"0\" width=\"55\" height=\"55\" style=\"fill:#8c564b;stroke-width:2;stroke:rgb(255,255,255)\"/><rect x=\"385\" y=\"0\" width=\"55\" height=\"55\" style=\"fill:#e377c2;stroke-width:2;stroke:rgb(255,255,255)\"/><rect x=\"440\" y=\"0\" width=\"55\" height=\"55\" style=\"fill:#7f7f7f;stroke-width:2;stroke:rgb(255,255,255)\"/><rect x=\"495\" y=\"0\" width=\"55\" height=\"55\" style=\"fill:#bcbd22;stroke-width:2;stroke:rgb(255,255,255)\"/><rect x=\"550\" y=\"0\" width=\"55\" height=\"55\" style=\"fill:#17becf;stroke-width:2;stroke:rgb(255,255,255)\"/></svg>"
      ]
     },
     "metadata": {},
     "execution_count": 176
    }
   ],
   "metadata": {}
  },
  {
   "cell_type": "code",
   "execution_count": 5,
   "source": [
    "image = Image.open('/mnt/Edisk/kiwi/OPSI/model/210425214847_AutoEncoderV2_2_6/packing/circle_packing_0.835729.png').resize((1010, 1010)).crop((5,5,1005,1005))"
   ],
   "outputs": [],
   "metadata": {}
  },
  {
   "cell_type": "code",
   "execution_count": 9,
   "source": [
    "np.array(image).shape"
   ],
   "outputs": [
    {
     "output_type": "execute_result",
     "data": {
      "text/plain": [
       "(1000, 1000, 4)"
      ]
     },
     "metadata": {},
     "execution_count": 9
    }
   ],
   "metadata": {}
  },
  {
   "cell_type": "code",
   "execution_count": 37,
   "source": [
    "palette[1]"
   ],
   "outputs": [
    {
     "output_type": "execute_result",
     "data": {
      "text/plain": [
       "(0.12156862745098039, 0.4666666666666667, 0.7058823529411765)"
      ]
     },
     "metadata": {},
     "execution_count": 37
    }
   ],
   "metadata": {}
  },
  {
   "cell_type": "code",
   "execution_count": 39,
   "source": [
    "sns.palplot([1-0.12156862745098039 * 0.5, 1-0.4666666666666667 * 0.5, 1-0.7058823529411765 * 0.5])"
   ],
   "outputs": [
    {
     "output_type": "display_data",
     "data": {
      "text/plain": [
       "<Figure size 216x72 with 1 Axes>"
      ],
      "image/png": ""
     },
     "metadata": {
      "needs_background": "light"
     }
    }
   ],
   "metadata": {}
  },
  {
   "cell_type": "code",
   "execution_count": 40,
   "source": [
    "import colorsys"
   ],
   "outputs": [],
   "metadata": {}
  },
  {
   "cell_type": "code",
   "execution_count": 148,
   "source": [
    "hsv = colorsys.rgb_to_hls(*palette[5])\n",
    "hsv"
   ],
   "outputs": [
    {
     "output_type": "execute_result",
     "data": {
      "text/plain": [
       "(0.7540983606557377, 0.5274509803921569, 0.7593360995850621)"
      ]
     },
     "metadata": {},
     "execution_count": 148
    }
   ],
   "metadata": {}
  },
  {
   "cell_type": "code",
   "execution_count": 153,
   "source": [
    "rgb = colorsys.hls_to_rgb(hsv[0],0.5,hsv[2])\n",
    "rgb"
   ],
   "outputs": [
    {
     "output_type": "execute_result",
     "data": {
      "text/plain": [
       "(0.518672199170124, 0.1203319502074689, 0.8796680497925311)"
      ]
     },
     "metadata": {},
     "execution_count": 153
    }
   ],
   "metadata": {}
  },
  {
   "cell_type": "code",
   "execution_count": 230,
   "source": [
    "palette = []\n",
    "for c in sns.color_palette():\n",
    "    nc = colorsys.rgb_to_hls(*c)\n",
    "    palette.append(colorsys.hls_to_rgb(nc[0],0.5,nc[2]))"
   ],
   "outputs": [],
   "metadata": {}
  },
  {
   "cell_type": "code",
   "execution_count": 231,
   "source": [
    "for i in range(8):\n",
    "    sns.palplot(palette[i])"
   ],
   "outputs": [
    {
     "output_type": "display_data",
     "data": {
      "text/plain": [
       "<Figure size 216x72 with 1 Axes>"
      ],
      "image/png": ""
     },
     "metadata": {
      "needs_background": "light"
     }
    },
    {
     "output_type": "display_data",
     "data": {
      "text/plain": [
       "<Figure size 216x72 with 1 Axes>"
      ],
      "image/png": ""
     },
     "metadata": {
      "needs_background": "light"
     }
    },
    {
     "output_type": "display_data",
     "data": {
      "text/plain": [
       "<Figure size 216x72 with 1 Axes>"
      ],
      "image/png": ""
     },
     "metadata": {
      "needs_background": "light"
     }
    },
    {
     "output_type": "display_data",
     "data": {
      "text/plain": [
       "<Figure size 216x72 with 1 Axes>"
      ],
      "image/png": ""
     },
     "metadata": {
      "needs_background": "light"
     }
    },
    {
     "output_type": "display_data",
     "data": {
      "text/plain": [
       "<Figure size 216x72 with 1 Axes>"
      ],
      "image/png": ""
     },
     "metadata": {
      "needs_background": "light"
     }
    },
    {
     "output_type": "display_data",
     "data": {
      "text/plain": [
       "<Figure size 216x72 with 1 Axes>"
      ],
      "image/png": ""
     },
     "metadata": {
      "needs_background": "light"
     }
    },
    {
     "output_type": "display_data",
     "data": {
      "text/plain": [
       "<Figure size 216x72 with 1 Axes>"
      ],
      "image/png": ""
     },
     "metadata": {
      "needs_background": "light"
     }
    },
    {
     "output_type": "display_data",
     "data": {
      "text/plain": [
       "<Figure size 216x72 with 1 Axes>"
      ],
      "image/png": ""
     },
     "metadata": {
      "needs_background": "light"
     }
    }
   ],
   "metadata": {}
  },
  {
   "cell_type": "code",
   "execution_count": 237,
   "source": [
    "palette = []\n",
    "for c in sns.color_palette():\n",
    "    nc = colorsys.rgb_to_hls(*c)\n",
    "    palette.append(colorsys.hls_to_rgb(nc[0],0.5,nc[2]))"
   ],
   "outputs": [],
   "metadata": {}
  },
  {
   "cell_type": "code",
   "execution_count": 238,
   "source": [
    "for i in range(8):\n",
    "    sns.palplot(palette[i])"
   ],
   "outputs": [
    {
     "output_type": "display_data",
     "data": {
      "text/plain": [
       "<Figure size 216x72 with 1 Axes>"
      ],
      "image/png": ""
     },
     "metadata": {
      "needs_background": "light"
     }
    },
    {
     "output_type": "display_data",
     "data": {
      "text/plain": [
       "<Figure size 216x72 with 1 Axes>"
      ],
      "image/png": ""
     },
     "metadata": {
      "needs_background": "light"
     }
    },
    {
     "output_type": "display_data",
     "data": {
      "text/plain": [
       "<Figure size 216x72 with 1 Axes>"
      ],
      "image/png": ""
     },
     "metadata": {
      "needs_background": "light"
     }
    },
    {
     "output_type": "display_data",
     "data": {
      "text/plain": [
       "<Figure size 216x72 with 1 Axes>"
      ],
      "image/png": ""
     },
     "metadata": {
      "needs_background": "light"
     }
    },
    {
     "output_type": "display_data",
     "data": {
      "text/plain": [
       "<Figure size 216x72 with 1 Axes>"
      ],
      "image/png": ""
     },
     "metadata": {
      "needs_background": "light"
     }
    },
    {
     "output_type": "display_data",
     "data": {
      "text/plain": [
       "<Figure size 216x72 with 1 Axes>"
      ],
      "image/png": ""
     },
     "metadata": {
      "needs_background": "light"
     }
    },
    {
     "output_type": "display_data",
     "data": {
      "text/plain": [
       "<Figure size 216x72 with 1 Axes>"
      ],
      "image/png": ""
     },
     "metadata": {
      "needs_background": "light"
     }
    },
    {
     "output_type": "display_data",
     "data": {
      "text/plain": [
       "<Figure size 216x72 with 1 Axes>"
      ],
      "image/png": ""
     },
     "metadata": {
      "needs_background": "light"
     }
    }
   ],
   "metadata": {}
  },
  {
   "cell_type": "code",
   "execution_count": 240,
   "source": [
    "x = np.ones((32,28,28))"
   ],
   "outputs": [],
   "metadata": {}
  },
  {
   "cell_type": "code",
   "execution_count": 249,
   "source": [
    "tf.reshape(x, [-1, 28, 28, 1]).shape\n"
   ],
   "outputs": [
    {
     "output_type": "execute_result",
     "data": {
      "text/plain": [
       "TensorShape([32, 28, 28, 1])"
      ]
     },
     "metadata": {},
     "execution_count": 249
    }
   ],
   "metadata": {}
  },
  {
   "cell_type": "code",
   "execution_count": 245,
   "source": [
    "[0]*(13//2) + [1]*(13//2)"
   ],
   "outputs": [
    {
     "output_type": "execute_result",
     "data": {
      "text/plain": [
       "[0, 0, 0, 0, 0, 0, 1, 1, 1, 1, 1, 1]"
      ]
     },
     "metadata": {},
     "execution_count": 245
    }
   ],
   "metadata": {}
  },
  {
   "cell_type": "code",
   "execution_count": 1,
   "source": [
    "from tensorflow_graphics.datasets.modelnet40 import ModelNet40\n",
    "modelnet40 = ModelNet40()"
   ],
   "outputs": [],
   "metadata": {}
  },
  {
   "cell_type": "code",
   "execution_count": 4,
   "source": [
    "modelnet40.download_and_prepare()"
   ],
   "outputs": [
    {
     "output_type": "stream",
     "name": "stdout",
     "text": [
      "\u001b[1mDownloading and preparing dataset Unknown size (download: Unknown size, generated: Unknown size, total: Unknown size) to /home/kiwi/tensorflow_datasets/model_net40/1.0.0...\u001b[0m\n"
     ]
    },
    {
     "output_type": "error",
     "ename": "",
     "evalue": "",
     "traceback": []
    }
   ],
   "metadata": {}
  },
  {
   "cell_type": "code",
   "execution_count": 2,
   "source": [
    "modelnet40.as_dataset()"
   ],
   "outputs": [
    {
     "output_type": "error",
     "ename": "",
     "evalue": "",
     "traceback": []
    }
   ],
   "metadata": {}
  },
  {
   "cell_type": "code",
   "execution_count": 7,
   "source": [
    "[tf.keras.initializers.Orthogonal()((3, 3)) for _ in range(10)]"
   ],
   "outputs": [
    {
     "output_type": "execute_result",
     "data": {
      "text/plain": [
       "[<tf.Tensor: shape=(3, 3), dtype=float32, numpy=\n",
       " array([[-0.62798893, -0.18631314, -0.75559074],\n",
       "        [-0.73527074, -0.17604843,  0.65451044],\n",
       "        [ 0.25496447, -0.96658903,  0.02643414]], dtype=float32)>,\n",
       " <tf.Tensor: shape=(3, 3), dtype=float32, numpy=\n",
       " array([[ 0.48542404, -0.7990138 ,  0.3548803 ],\n",
       "        [-0.8634913 , -0.501729  ,  0.05148478],\n",
       "        [ 0.1369167 , -0.331428  , -0.9334931 ]], dtype=float32)>,\n",
       " <tf.Tensor: shape=(3, 3), dtype=float32, numpy=\n",
       " array([[ 0.3615433 , -0.36734053, -0.85694087],\n",
       "        [-0.29712558, -0.9165874 ,  0.26755172],\n",
       "        [ 0.88374376, -0.15788753,  0.44053215]], dtype=float32)>,\n",
       " <tf.Tensor: shape=(3, 3), dtype=float32, numpy=\n",
       " array([[ 0.48343801, -0.57911897, -0.6564367 ],\n",
       "        [-0.87370926, -0.27292585, -0.40267062],\n",
       "        [-0.05403564, -0.76820105,  0.6379242 ]], dtype=float32)>,\n",
       " <tf.Tensor: shape=(3, 3), dtype=float32, numpy=\n",
       " array([[-0.67715526, -0.59016234,  0.43951008],\n",
       "        [-0.45023337,  0.804735  ,  0.38689983],\n",
       "        [ 0.5820228 , -0.06410921,  0.81064135]], dtype=float32)>,\n",
       " <tf.Tensor: shape=(3, 3), dtype=float32, numpy=\n",
       " array([[-0.9560244 , -0.2217368 ,  0.19196369],\n",
       "        [-0.15732303,  0.9401057 ,  0.30240813],\n",
       "        [ 0.24752116, -0.25890926,  0.9336484 ]], dtype=float32)>,\n",
       " <tf.Tensor: shape=(3, 3), dtype=float32, numpy=\n",
       " array([[-0.14492548, -0.9773804 ,  0.15402602],\n",
       "        [ 0.08189914, -0.166985  , -0.98255205],\n",
       "        [-0.9860472 ,  0.12978226, -0.10424702]], dtype=float32)>,\n",
       " <tf.Tensor: shape=(3, 3), dtype=float32, numpy=\n",
       " array([[-0.6879866 ,  0.08220576, -0.7210525 ],\n",
       "        [-0.35650054,  0.82713866,  0.4344526 ],\n",
       "        [ 0.6321249 ,  0.55595315, -0.5397539 ]], dtype=float32)>,\n",
       " <tf.Tensor: shape=(3, 3), dtype=float32, numpy=\n",
       " array([[ 0.80116117,  0.32896617, -0.499922  ],\n",
       "        [-0.2322247 ,  0.94079834,  0.24692133],\n",
       "        [ 0.55155456, -0.08172955,  0.83012515]], dtype=float32)>,\n",
       " <tf.Tensor: shape=(3, 3), dtype=float32, numpy=\n",
       " array([[ 0.90090084, -0.03273406, -0.43278858],\n",
       "        [ 0.33883584,  0.67619115,  0.6541833 ],\n",
       "        [ 0.2712337 , -0.7359987 ,  0.62027276]], dtype=float32)>]"
      ]
     },
     "metadata": {},
     "execution_count": 7
    }
   ],
   "metadata": {}
  },
  {
   "cell_type": "code",
   "execution_count": 22,
   "source": [
    "tf.broadcast_to(tf.expand_dims([1,2,3,4,5], -1), [5,5])"
   ],
   "outputs": [
    {
     "output_type": "execute_result",
     "data": {
      "text/plain": [
       "<tf.Tensor: shape=(5, 5), dtype=int32, numpy=\n",
       "array([[1, 1, 1, 1, 1],\n",
       "       [2, 2, 2, 2, 2],\n",
       "       [3, 3, 3, 3, 3],\n",
       "       [4, 4, 4, 4, 4],\n",
       "       [5, 5, 5, 5, 5]], dtype=int32)>"
      ]
     },
     "metadata": {},
     "execution_count": 22
    }
   ],
   "metadata": {}
  },
  {
   "cell_type": "code",
   "execution_count": 23,
   "source": [
    "tf.broadcast_to(tf.expand_dims([1,2,3,4,5], -2), [5,5])"
   ],
   "outputs": [
    {
     "output_type": "execute_result",
     "data": {
      "text/plain": [
       "<tf.Tensor: shape=(5, 5), dtype=int32, numpy=\n",
       "array([[1, 2, 3, 4, 5],\n",
       "       [1, 2, 3, 4, 5],\n",
       "       [1, 2, 3, 4, 5],\n",
       "       [1, 2, 3, 4, 5],\n",
       "       [1, 2, 3, 4, 5]], dtype=int32)>"
      ]
     },
     "metadata": {},
     "execution_count": 23
    }
   ],
   "metadata": {}
  },
  {
   "cell_type": "code",
   "execution_count": 32,
   "source": [
    "X_pred = np.random.rand(4,3,2)"
   ],
   "outputs": [],
   "metadata": {}
  },
  {
   "cell_type": "code",
   "execution_count": 33,
   "source": [
    "X_pred"
   ],
   "outputs": [
    {
     "output_type": "execute_result",
     "data": {
      "text/plain": [
       "array([[[0.8419911 , 0.28862509],\n",
       "        [0.54724972, 0.74305226],\n",
       "        [0.03108861, 0.14226849]],\n",
       "\n",
       "       [[0.32834696, 0.17471297],\n",
       "        [0.96207601, 0.27667738],\n",
       "        [0.80903025, 0.08244657]],\n",
       "\n",
       "       [[0.17970238, 0.26354129],\n",
       "        [0.98371662, 0.77372455],\n",
       "        [0.46155721, 0.11007493]],\n",
       "\n",
       "       [[0.90768913, 0.2224115 ],\n",
       "        [0.81025968, 0.63846769],\n",
       "        [0.00912549, 0.5843183 ]]])"
      ]
     },
     "metadata": {},
     "execution_count": 33
    }
   ],
   "metadata": {}
  },
  {
   "cell_type": "code",
   "execution_count": 178,
   "source": [
    "broadcast_2 = tf.broadcast_to(tf.expand_dims(X_pred, 0), [4, 4, 3, 2]) \n",
    "broadcast_3 = tf.broadcast_to(tf.expand_dims(X_pred, 1), [4, 4, 3, 2])\n",
    "distance = tf.reduce_mean(tf.square(tf.norm(broadcast_2 - broadcast_3, ord=2, axis=-1)))"
   ],
   "outputs": [],
   "metadata": {}
  },
  {
   "cell_type": "code",
   "execution_count": 179,
   "source": [
    "distance"
   ],
   "outputs": [
    {
     "output_type": "execute_result",
     "data": {
      "text/plain": [
       "<tf.Tensor: shape=(), dtype=float64, numpy=0.2153805339039028>"
      ]
     },
     "metadata": {},
     "execution_count": 179
    }
   ],
   "metadata": {}
  },
  {
   "cell_type": "code",
   "execution_count": 70,
   "source": [
    "ae = models.AutoEncoderV4(32,2,12,3)"
   ],
   "outputs": [],
   "metadata": {}
  },
  {
   "cell_type": "code",
   "execution_count": 83,
   "source": [
    "ae(np.random.rand(32,12,3), training=True)"
   ],
   "outputs": [
    {
     "output_type": "execute_result",
     "data": {
      "text/plain": [
       "<tf.Tensor: shape=(10, 3, 3), dtype=float32, numpy=\n",
       "array([[[ 0.4156562 ,  0.9041906 , -0.09833149],\n",
       "        [-0.63262904,  0.3650959 ,  0.6829973 ],\n",
       "        [ 0.6534602 , -0.22168478,  0.72377175]],\n",
       "\n",
       "       [[-0.84832275,  0.29049015, -0.44267818],\n",
       "        [ 0.21259867,  0.9525836 ,  0.21768379],\n",
       "        [-0.48492295, -0.09055334,  0.86985624]],\n",
       "\n",
       "       [[-0.04525089,  0.7215804 ,  0.69085   ],\n",
       "        [ 0.9988658 ,  0.02242941,  0.04199922],\n",
       "        [ 0.01481047,  0.6919671 , -0.7217771 ]],\n",
       "\n",
       "       [[-0.48861372, -0.77502316, -0.4007439 ],\n",
       "        [-0.3204709 ,  0.58661884, -0.74375856],\n",
       "        [-0.811514  ,  0.23498392,  0.53500235]],\n",
       "\n",
       "       [[-0.5677469 ,  0.15816297,  0.8078664 ],\n",
       "        [ 0.74369323, -0.32223517,  0.5857345 ],\n",
       "        [-0.35296446, -0.9333536 , -0.06532325]],\n",
       "\n",
       "       [[ 0.3474754 ,  0.9119017 , -0.21839386],\n",
       "        [-0.90408784,  0.3876006 ,  0.17997484],\n",
       "        [ 0.24876897,  0.13491039,  0.95912105]],\n",
       "\n",
       "       [[ 0.2328341 , -0.07723062,  0.969445  ],\n",
       "        [ 0.9542232 ,  0.21057788, -0.2124027 ],\n",
       "        [-0.18773969,  0.9745216 ,  0.12272498]],\n",
       "\n",
       "       [[-0.28210282,  0.77045125, -0.5716845 ],\n",
       "        [ 0.19710083,  0.6297189 ,  0.7514023 ],\n",
       "        [-0.9389193 , -0.09929311,  0.32950193]],\n",
       "\n",
       "       [[ 0.619944  ,  0.19472574,  0.76009953],\n",
       "        [-0.69226384, -0.32029313,  0.6466707 ],\n",
       "        [ 0.3693781 , -0.9270891 , -0.06376226]],\n",
       "\n",
       "       [[-0.609946  ,  0.37726676,  0.6968757 ],\n",
       "        [ 0.4760972 , -0.52853376,  0.7028395 ],\n",
       "        [ 0.6334804 ,  0.7604746 ,  0.14276147]]], dtype=float32)>"
      ]
     },
     "metadata": {},
     "execution_count": 83
    }
   ],
   "metadata": {}
  },
  {
   "cell_type": "code",
   "execution_count": 129,
   "source": [
    "# 实际的线\n",
    "TRUE_W = 3.0\n",
    "TRUE_B = 2.0\n",
    "\n",
    "NUM_EXAMPLES = 1000\n",
    "\n",
    "# 随机向量x\n",
    "x = tf.random.normal(shape=[NUM_EXAMPLES])\n",
    "\n",
    "# 生成噪声\n",
    "noise = tf.random.normal(shape=[NUM_EXAMPLES])\n",
    "\n",
    "# 计算y\n",
    "y = x * TRUE_W + TRUE_B + noise"
   ],
   "outputs": [],
   "metadata": {}
  },
  {
   "cell_type": "code",
   "execution_count": 130,
   "source": [
    "# 绘制所有的数据\n",
    "import matplotlib.pyplot as plt\n",
    "\n",
    "plt.scatter(x, y, c=\"b\")\n",
    "plt.show()"
   ],
   "outputs": [
    {
     "output_type": "display_data",
     "data": {
      "text/plain": [
       "<Figure size 432x288 with 1 Axes>"
      ],
      "image/png": ""
     },
     "metadata": {
      "needs_background": "light"
     }
    }
   ],
   "metadata": {}
  },
  {
   "cell_type": "code",
   "execution_count": 146,
   "source": [
    "class MyModelKeras(tf.keras.Model):\n",
    "  def __init__(self, **kwargs):\n",
    "    super().__init__(**kwargs)\n",
    "    # 初始化权重为`5.0`，偏差为`0.0`\n",
    "    # 实际中应该随机初始化该值\n",
    "    self.w = tf.Variable(5.0)\n",
    "    self.b = tf.Variable(0.0)\n",
    "\n",
    "  def call(self, x, **kwargs):\n",
    "    print(tf.keras.initializers.Orthogonal()((3,3)))\n",
    "    return self.w * x + self.b\n",
    "\n",
    "keras_model = MyModelKeras()"
   ],
   "outputs": [],
   "metadata": {}
  },
  {
   "cell_type": "code",
   "execution_count": 147,
   "source": [
    "keras_model.compile(\n",
    "    # 默认情况下，fit()调用tf.function()。\n",
    "    # Debug时你可以关闭这一功能，但是现在是打开的。\n",
    "    run_eagerly=True,\n",
    "\n",
    "    # 使用内置的优化器，配置为对象\n",
    "    optimizer=tf.keras.optimizers.SGD(learning_rate=0.1),\n",
    "\n",
    "    # Keras内置MSE\n",
    "    # 您也可以使用损失函数像上面一样进行定义\n",
    "    loss=tf.keras.losses.mean_squared_error,\n",
    ")"
   ],
   "outputs": [],
   "metadata": {}
  },
  {
   "cell_type": "code",
   "execution_count": 148,
   "source": [
    "keras_model.fit(x, y, epochs=10, batch_size=1000)"
   ],
   "outputs": [
    {
     "output_type": "stream",
     "name": "stdout",
     "text": [
      "Epoch 1/10\n",
      "tf.Tensor(\n",
      "[[ 0.01906681 -0.9135916  -0.40618575]\n",
      " [ 0.9918239   0.06855494 -0.10763636]\n",
      " [ 0.1261817  -0.40081242  0.9074291 ]], shape=(3, 3), dtype=float32)\n",
      "1/1 [==============================] - 0s 6ms/step - loss: 8.6940\n",
      "Epoch 2/10\n",
      "tf.Tensor(\n",
      "[[ 0.80194175 -0.4912585  -0.33993295]\n",
      " [-0.52536374 -0.850821   -0.00981976]\n",
      " [-0.28439808  0.18646333 -0.9403984 ]], shape=(3, 3), dtype=float32)\n",
      "1/1 [==============================] - 0s 4ms/step - loss: 6.0270\n",
      "Epoch 3/10\n",
      "tf.Tensor(\n",
      "[[ 0.04316306 -0.8662442   0.49775317]\n",
      " [-0.6681312   0.34538847  0.6590202 ]\n",
      " [-0.7427905  -0.36100966 -0.5638567 ]], shape=(3, 3), dtype=float32)\n",
      "1/1 [==============================] - 0s 4ms/step - loss: 4.2914\n",
      "Epoch 4/10\n",
      "tf.Tensor(\n",
      "[[-0.33416831 -0.12261733 -0.9345033 ]\n",
      " [-0.9401862   0.11299899  0.32137382]\n",
      " [-0.06619192 -0.9860001   0.15304378]], shape=(3, 3), dtype=float32)\n",
      "1/1 [==============================] - 0s 4ms/step - loss: 3.1617\n",
      "Epoch 5/10\n",
      "tf.Tensor(\n",
      "[[ 0.7579582  -0.15756154  0.63298786]\n",
      " [ 0.04213446 -0.95653677 -0.28855145]\n",
      " [ 0.65094084  0.24538055 -0.7183762 ]], shape=(3, 3), dtype=float32)\n",
      "1/1 [==============================] - 0s 4ms/step - loss: 2.4264\n",
      "Epoch 6/10\n",
      "tf.Tensor(\n",
      "[[ 0.24441302  0.6529874   0.7168471 ]\n",
      " [ 0.77100736 -0.5791979   0.2647214 ]\n",
      " [ 0.5880561   0.48799306 -0.64502156]], shape=(3, 3), dtype=float32)\n",
      "1/1 [==============================] - 0s 4ms/step - loss: 1.9477\n",
      "Epoch 7/10\n",
      "tf.Tensor(\n",
      "[[ 0.59398067  0.7935824   0.13196155]\n",
      " [ 0.05354631 -0.20266984  0.97778213]\n",
